# Logisim PLA program table
000000 00001000
001000 00001010
010000 00001100
011000 00001110
100000 00010000
101000 00010010
110000 00010100
111000 00010110
000001 00011000
001001 00011010
010001 00011100
011001 00011110
100001 00100000
101001 00100010
110001 00100100
111001 00100110
000010 00101000
001010 00101010
010010 00101100
011010 00101110
100010 00110000
101010 00110010
110010 00110100
111010 00110110
000011 00111000
001011 00111010
010011 00111100
011011 00111110
100011 01000000
101011 01000010
110011 01000100
111011 01000110
000100 01001000
001100 01001010
010100 01001100
011100 01001110
100100 01010000
101100 01010010
110100 01010100
111100 01010110
000101 01011000
001101 01011010
010101 01011100
011101 01011110
100101 01100000
101101 01100010
110101 01100100
111101 01100110
000110 01101000
001110 01101010
010110 01101100
011110 01101110
100110 01110000
101110 01110010
110110 01110100
111110 01110110
000111 01111000
001111 01111010
010111 01111100
011111 01111110
100111 10000000
101111 10000010
110111 10000100
111111 10000110
